1.00547371365574
1.0036727627403
1.007677956062
1.00369953757406
1.0028786872128
0.997698957438587
0.998368499087912
0.996249105928719
1.0052207753557
0.996115998097818
0.994979105614651
0.998088006960336
1.00119410150167
1.0027588905379
0.994588702257969
1.00024145988596
0.99710308088225
0.996766295241497
1.0054195145139
0.998456285439467
0.995508648833274
1.00055663164364
1.00164407948825
1.00426537601248
0.992122987587564
1.01184738312654
1.00273949722285
1.00392534503451
1.00247042706779
1.0007556190557
0.997388239753224
1.00080812888449
1.00314285687109
0.998702840262918
1.00035971878419
0.988757342886523
0.998372714385257
0.996335429399113
1.00501842036188
0.992883409836754
1.00333803815206
0.989885565792486
0.994019005910242
1.00081104024236
1.00086629819944
0.999122337706261
1.00269560614139
1.00251164531569
1.00843043463712
1.00019066636386
0.995966730868572
1.00008819827997
0.997785986109557
1.00180205277746
0.999172401778249
0.998751996086252
0.997159612192576
1.006248717209
1.00718309893372
1.00524765248055
1.00000738502293
0.988790721007544
0.985516139730611
1.0001469157048
1.01009552913147
1.00653540269279
0.998680208716928
1.00043910408216
0.998094215216286
1.00211745140943
0.995935414978238
0.995147856364268
1.00388911556106
0.995340902314622
0.993510655271497
1.0092448297484
0.99862219041181
0.997461177788825
0.997487549153896
0.998522955985905
1.00102741660331
0.995848628133464
1.00863032861017
0.995513032509973
1.00019038002631
0.994835632335649
0.997730927539424
0.997943014411421
1.00176134174809
0.993384909974675
1.00893185525095
1.00678316597263
0.999183252265056
1.00224702042253
0.995279210193679
0.996380252800961
0.98958729918986
0.999314956251857
0.999736690052405
0.998459873215441
0.998146938334059
1.00888224272745
1.00452943347827
1.01075787928535
0.997403910464214
0.991821500044001
1.00704848439009
0.991143368149995
0.99338454994966
0.997406015608988
0.994330284776638
1.00292795670068
0.989515289830496
1.00376634457168
1.00242392681041
1.00367338128241
0.999711699287697
0.997367822068619
0.997400849054581
1.00293331427801
1.0044704811173
1.0009448188432
1.00316436448596
1.00208956812799
1.00301318193807
0.993551309356244
1.00125214117687
1.00720453363663
1.00214422618634
1.00089739725539
0.998723832254817
0.989573294375084
0.996208150486855
0.995394699566574
0.999765746600061
0.997852884395828
1.00490438710052
1.00286780964973
1.00219291874723
0.997913822507803
1.00533383457056
1.00169833248248
0.99562910900117
0.994180724703971
0.990827234790594
1.00008308635656
1.00027220322311
1.0025481666859
1.00710590046593
0.999043773836465
1.00075944445997
0.997161253823418
0.996293625537528
0.998313639525759
0.996394914164935
0.993888061237388
0.997039843867597
0.999945409790483
0.997639938595074
0.995325560399701
