1.13198446584175
1.11193942472812
0.866900568937393
1.2087944836146
0.868124027659535
1.08219460020766
1.18807885997138
1.06202964339746
1.03890075346799
0.926369747226937
0.802212489596468
0.92015655536795
0.879451430903744
1.00869060211714
0.975643711019527
1.04491197465118
1.03020439075147
1.19352317726352
0.991233553249474
0.910023157107822
1.01870452081127
1.11046117383247
0.929971874155989
1.08957690553496
1.24606954779971
0.926085916157688
1.0262382908796
0.906966368555637
0.946854153533719
0.980912842873364
0.948157714029142
1.11170988189169
0.995404124761561
0.948751769262759
0.987075399131689
1.08093201350515
0.998347289886969
0.94141418719923
0.906775808477683
1.11019848063362
0.956014428498098
1.04405063886492
1.04027937679659
0.952589089109977
1.0095724006927
0.993680698486559
1.04819206415023
0.906207098830193
0.894078874873484
0.978121957034978
1.17326518056112
1.07465811212165
0.874108012960816
0.997209218283019
1.04786054914237
1.11276722996298
1.04663639222917
1.01465279329789
0.860953265662157
0.895790512797237
0.875772224630633
0.908689495683875
0.900926258373437
0.985371303004306
0.971506570537669
1.15153450460801
1.02885677460538
1.03900099539359
0.909470375524636
1.01405340740215
1.10133505228855
1.04558692958662
0.949121963945745
0.878296098917495
0.917823658452098
1.01519330360227
0.899678047360579
0.966486145562164
1.06437415645173
0.900644505505476
1.03084596708518
1.06348145945359
1.00009092814781
0.821535039393357
0.974748984285858
0.995404124761561
1.06983249665571
0.955346244817893
0.983936691134884
0.892212641682336
0.988834940621987
0.994743668434048
0.862085820245685
0.900926258373437
0.925771061808203
0.951060558126914
1.12269931614118
1.06348145945359
0.991386594179424
1.09592087181581
0.956271112333291
1.02003399678541
0.979676854982143
0.955346244817893
0.947046684048653
1.11932543965525
1.20951600321683
1.15375708344355
0.950195896448553
0.896312940732467
0.990302062645263
1.10987138682794
1.06202964339746
1.09135775368526
1.03314750766132
1.05433860620012
0.961438558322608
1.08488875947196
0.779704147613672
0.995313854007743
1.08984249299796
0.952432267533612
1.01799572911823
1.07582658535557
1.16920507730362
0.849118082657819
0.963562122209508
0.990687870000995
1.05196722021086
1.09917863316714
0.9733658884074
1.06212568630462
1.05308018443806
1.09512775866125
0.936592389582006
0.976296612796134
0.971077115611995
0.830519989224596
0.941991310021637
0.910685412031798
0.922096128906743
0.952229147412533
1.11068541942668
0.987593021885407
0.899835078178067
1.03220821021714
1.08488875947196
0.926311921033585
0.926369747226937
0.890855160471464
1.01309256481261
1.07319893116339
0.946534686830402
0.984308687765008
0.832631965551837
1.18051345390117
0.852892627868261
0.914855135142424
0.96857000983845
0.926945968304488
1.14686160381838
1.06535313723824
1.12786372833386
0.936592389582006
0.912965789433244
1.05849560970006
1.1180913367233
1.01461927938349
0.996008039438737
0.959910371679479
1.10361869853263
0.866810726999124
1.0452960774481
0.942466128652556
1.12859944084744
1.20528669944813
0.912830209236567
1.18995334832593
0.932007460010261
1.02620283332783
1.07158953472399
0.921655164921156
0.967887837894371
0.929589335488419
0.83964435182868
1.13780063954513
0.841029921350593
0.975022656294584
0.978727689315115
0.966454710049489
1.12280925265982
1.06730753979367
1.08057859878355
1.0439548761921
1.0546852177659
0.976678857712524
0.912840887733714
0.887545929346968
0.928968025484722
1.02935407756275
1.002942012331
1.08020618908063
1.09352290756835
0.991830520891309
0.917746375532862
1.09014142821083
1.09014142821083
1.11359829250312
0.967197807596011
1.03234181047964
0.932433319738027
1.01672386244289
1.05183745334487
1.10798322299133
0.903882695267693
1.06726004158256
0.871500067528016
1.05183745334487
1.13022813948151
1.0321552887977
1.0459998101709
0.960818919602004
1.05167156159036
1.05717945711501
0.984042941648102
0.993519980823755
0.941876778673822
0.948051793577575
0.916192128661103
0.88091174570282
0.995485719986158
1.08001175890908
1.12225660153054
1.04427372852576
0.902638994333334
0.884529161670565
1.08557167254317
1.06071651827587
1.04780841363371
0.995571649116468
1.06104442009348
1.18004595133892
1.12542541322648
0.974889165210535
1.03832437655131
1.02138005687516
0.958998648089027
0.985135092072106
0.932529849422983
1.13083242694515
1.06891857727316
0.890830494963558
0.910454045396556
1.03883186771165
0.986740760218183
1.03117610268283
0.822096955510681
1.02710310009836
1.1586210676465
1.15304383703594
0.870364599077264
0.943598714371381
1.12853381182358
0.944833357008323
1.11652064425924
0.864584642285726
1.15053212373914
0.968934426589028
0.992292723453334
0.882497768406082
1.20001664430438
1.04849891832813
0.954205077657611
1.05947980179056
0.946389480314384
1.08209210750655
0.905231304698346
0.971051202281242
1.01963567558431
1.04112041839272
1.13635731725065
1.10216588978925
1.0548010119074
0.973563547025311
0.974698309480073
1.08774885863746
1.00863556187647
1.08170961286767
0.941301418553934
1.03809990440343
1.02178577111217
1.13679589139517
0.922096128906743
0.973700700762205
0.979767424431325
1.07456601131333
0.963925878189277
0.950419793133498
0.912965789433244
1.04626057931399
0.936255063805263
1.03771120238783
1.20736053694324
0.960175848643752
0.975022656294584
1.02476468940357
0.871985936162426
1.1397452035577
0.968736892280113
0.902638261644827
1.0439548761921
0.898301271843186

